iter,lambda,winChanceThreshold,territoryfeatureweight,alpha,statevalue,randomchancethreshold,hinterlandfeatureweight,bestenemyfeatureweight,armiesfeatureweight,enemyreinforcementfeatureweight
1,0.5,0.5,-0.887323644199296,0.05,3.608465298256356,0.2,-0.09034254804462802,-0.22230524639309274,0.4037144613171481,0.533092794782636
2,0.5,0.5,-0.887323644199296,0.05,3.608465298256356,0.2,-0.09034254804462802,-0.22230524639309274,0.4037144613171481,0.533092794782636
3,0.5,0.5,-0.887323644199296,0.05,3.606833850655592,0.2,-0.09034254804462802,-0.22230524639309274,0.4037144613171481,0.533092794782636
4,0.5,0.5,-0.887323644199296,0.05,3.606833850655592,0.2,-0.09034254804462802,-0.22230524639309274,0.4037144613171481,0.533092794782636
5,0.5,0.5,-0.887323644199296,0.05,3.6055996250793623,0.2,-0.09034254804462802,-0.22230524639309274,0.4037144613171481,0.533092794782636
6,0.5,0.5,-0.887323644199296,0.05,3.6055996250793623,0.2,-0.09034254804462802,-0.22230524639309274,0.4037144613171481,0.533092794782636
7,0.5,0.5,-0.887323644199296,0.05,3.604758296958783,0.2,-0.09034254804462802,-0.22230524639309274,0.4037144613171481,0.533092794782636
8,0.5,0.5,-0.887323644199296,0.05,3.604758296958783,0.2,-0.09034254804462802,-0.22230524639309274,0.4037144613171481,0.533092794782636
9,0.5,0.5,-0.887323644199296,0.05,3.6040622341252098,0.2,-0.09034254804462802,-0.22230524639309274,0.4037144613171481,0.533092794782636
10,0.5,0.5,-0.887323644199296,0.05,3.6040622341252098,0.2,-0.09034254804462802,-0.22230524639309274,0.4037144613171481,0.533092794782636
11,0.5,0.5,-0.8902836230753182,0.05,3.308787709017191,0.2,-0.09077655555022145,-0.2193955736149653,0.4006538702453364,0.4916530905183255
12,0.5,0.5,-0.8902836230753182,0.05,3.308787709017191,0.2,-0.09077655555022145,-0.2193955736149653,0.4006538702453364,0.4916530905183255
13,0.5,0.5,-0.8916767645015254,0.05,3.169575711888003,0.2,-0.09098149173023647,-0.2180243212974839,0.3992169506016773,0.47214911055142295
14,0.5,0.5,-0.8916767645015254,0.05,3.169575711888003,0.2,-0.09098149173023647,-0.2180243212974839,0.3992169506016773,0.47214911055142295
15,0.5,0.5,-0.8929957961217709,0.05,3.037056120805565,0.2,-0.0911784763575562,-0.21672408887784322,0.397860320580222,0.45368266786798556
16,0.5,0.5,-0.8929957961217709,0.05,3.037056120805565,0.2,-0.0911784763575562,-0.21672408887784322,0.397860320580222,0.45368266786798556
17,0.5,0.5,-0.8929957961217709,0.05,3.036707927002646,0.2,-0.0911784763575562,-0.21672408887784322,0.397860320580222,0.45368266786798556
18,0.5,0.5,-0.8929957961217709,0.05,3.036707927002646,0.2,-0.0911784763575562,-0.21672408887784322,0.397860320580222,0.45368266786798556
19,0.5,0.5,-0.8929957961217709,0.05,3.0364066054424277,0.2,-0.0911784763575562,-0.21672408887784322,0.397860320580222,0.45368266786798556
20,0.5,0.5,-0.8929957961217709,0.05,3.0364066054424277,0.2,-0.0911784763575562,-0.21672408887784322,0.397860320580222,0.45368266786798556
21,0.5,0.5,-0.8929957961217709,0.05,3.0361432884033177,0.2,-0.0911784763575562,-0.21672408887784322,0.397860320580222,0.45368266786798556
22,0.5,0.5,-0.8929957961217709,0.05,3.0361432884033177,0.2,-0.0911784763575562,-0.21672408887784322,0.397860320580222,0.45368266786798556
23,0.5,0.5,-0.8929957961217709,0.05,3.035911212368848,0.2,-0.0911784763575562,-0.21672408887784322,0.397860320580222,0.45368266786798556
24,0.5,0.5,-0.8929957961217709,0.05,3.035911212368848,0.2,-0.0911784763575562,-0.21672408887784322,0.397860320580222,0.45368266786798556
25,0.5,0.5,-0.8929957961217709,0.05,3.035705128850239,0.2,-0.0911784763575562,-0.21672408887784322,0.397860320580222,0.45368266786798556
26,0.5,0.5,-0.8929957961217709,0.05,3.035705128850239,0.2,-0.0911784763575562,-0.21672408887784322,0.397860320580222,0.45368266786798556
27,0.5,0.5,-0.8929957961217709,0.05,3.035520902674513,0.2,-0.0911784763575562,-0.21672408887784322,0.397860320580222,0.45368266786798556
28,0.5,0.5,-0.8929957961217709,0.05,3.035520902674513,0.2,-0.0911784763575562,-0.21672408887784322,0.397860320580222,0.45368266786798556
29,0.5,0.5,-0.8929957961217709,0.05,3.0353778699293836,0.2,-0.0911784763575562,-0.21672408887784322,0.397860320580222,0.45368266786798556
30,0.5,0.5,-0.8929957961217709,0.05,3.0353778699293836,0.2,-0.0911784763575562,-0.21672408887784322,0.397860320580222,0.45368266786798556
31,0.5,0.5,-0.8929957961217709,0.05,3.035225959289729,0.2,-0.0911784763575562,-0.21672408887784322,0.397860320580222,0.45368266786798556
32,0.5,0.5,-0.8929957961217709,0.05,3.035225959289729,0.2,-0.0911784763575562,-0.21672408887784322,0.397860320580222,0.45368266786798556
33,0.5,0.5,-0.8929957961217709,0.05,3.035088040419517,0.2,-0.0911784763575562,-0.21672408887784322,0.397860320580222,0.45368266786798556
34,0.5,0.5,-0.8929957961217709,0.05,3.035088040419517,0.2,-0.0911784763575562,-0.21672408887784322,0.397860320580222,0.45368266786798556
35,0.5,0.5,-0.8929957961217709,0.05,3.034962265349197,0.2,-0.0911784763575562,-0.21672408887784322,0.397860320580222,0.45368266786798556
36,0.5,0.5,-0.8929957961217709,0.05,3.034962265349197,0.2,-0.0911784763575562,-0.21672408887784322,0.397860320580222,0.45368266786798556
37,0.5,0.5,-0.8929957961217709,0.05,3.0348470978149287,0.2,-0.0911784763575562,-0.21672408887784322,0.397860320580222,0.45368266786798556
38,0.5,0.5,-0.8929957961217709,0.05,3.0348470978149287,0.2,-0.0911784763575562,-0.21672408887784322,0.397860320580222,0.45368266786798556
39,0.5,0.5,-0.8929957961217709,0.05,3.551786201533492,0.2,-0.0911784763575562,-0.21672408887784322,0.397860320580222,0.45368266786798556
40,0.5,0.5,-0.8929957961217709,0.05,3.551786201533492,0.2,-0.0911784763575562,-0.21672408887784322,0.397860320580222,0.45368266786798556
41,0.5,0.5,-0.8929957961217709,0.05,3.5511319440996534,0.2,-0.0911784763575562,-0.21672408887784322,0.397860320580222,0.45368266786798556
42,0.5,0.5,-0.8929957961217709,0.05,3.5511319440996534,0.2,-0.0911784763575562,-0.21672408887784322,0.397860320580222,0.45368266786798556
43,0.5,0.5,-0.8942571005014834,0.05,3.439138742996114,0.2,-0.09145333243476483,-0.21540945740372297,0.39656792564731974,0.4352778372810371
44,0.5,0.5,-0.8942571005014834,0.05,3.439138742996114,0.2,-0.09145333243476483,-0.21540945740372297,0.39656792564731974,0.4352778372810371
45,0.5,0.5,-0.8954694886309658,0.05,3.2830279316710667,0.2,-0.09171114744135758,-0.21407494463243873,0.395300053860699,0.41643434080389613
46,0.5,0.5,-0.8954694886309658,0.05,3.2830279316710667,0.2,-0.09171114744135758,-0.21407494463243873,0.395300053860699,0.41643434080389613
47,0.5,0.5,-0.8954694886309658,0.05,3.72616125638516,0.2,-0.09171114744135758,-0.21407494463243873,0.395300053860699,0.41643434080389613
48,0.5,0.5,-0.8954694886309658,0.05,3.72616125638516,0.2,-0.09171114744135758,-0.21407494463243873,0.395300053860699,0.41643434080389613
49,0.5,0.5,-0.8964885281962112,0.05,3.1446282455788404,0.2,-0.09192596738996295,-0.21289531977653958,0.3942163325744112,0.39951638798361605
50,0.5,0.5,-0.8964885281962112,0.05,3.1446282455788404,0.2,-0.09192596738996295,-0.21289531977653958,0.3942163325744112,0.39951638798361605
51,0.5,0.5,-0.8991604073643952,0.05,2.7707041757745032,0.2,-0.09246180308109646,-0.20952809981255238,0.3912972656150752,0.35261134697454016
52,0.5,0.5,-0.8991604073643952,0.05,2.7707041757745032,0.2,-0.09246180308109646,-0.20952809981255238,0.3912972656150752,0.35261134697454016
53,0.5,0.5,-0.8991604073643952,0.05,3.143622352183625,0.2,-0.09246180308109646,-0.20952809981255238,0.3912972656150752,0.35261134697454016
54,0.5,0.5,-0.8991604073643952,0.05,3.143622352183625,0.2,-0.09246180308109646,-0.20952809981255238,0.3912972656150752,0.35261134697454016
55,0.5,0.5,-0.8999968272925726,0.05,3.0163673792398393,0.2,-0.09263645904480802,-0.20856879869623426,0.3904156275555054,0.3388909491006197
56,0.5,0.5,-0.8999968272925726,0.05,3.0163673792398393,0.2,-0.09263645904480802,-0.20856879869623426,0.3904156275555054,0.3388909491006197
57,0.5,0.5,-0.9007795563439538,0.05,2.888795767134978,0.2,-0.09279730440160949,-0.20760617592306801,0.38957725035205076,0.32502790451959346
58,0.5,0.5,-0.9007795563439538,0.05,2.888795767134978,0.2,-0.09279730440160949,-0.20760617592306801,0.38957725035205076,0.32502790451959346
59,0.5,0.5,-0.9015180445349771,0.05,2.4348530007130695,0.2,-0.09294873745175641,-0.20668826209752497,0.3887879754380666,0.31182198462792016
60,0.5,0.5,-0.9015180445349771,0.05,2.4348530007130695,0.2,-0.09294873745175641,-0.20668826209752497,0.3887879754380666,0.31182198462792016
61,0.5,0.5,-0.9015180445349771,0.05,2.7678261275111886,0.2,-0.09294873745175641,-0.20668826209752497,0.3887879754380666,0.31182198462792016
62,0.5,0.5,-0.9015180445349771,0.05,2.7678261275111886,0.2,-0.09294873745175641,-0.20668826209752497,0.3887879754380666,0.31182198462792016
63,0.5,0.5,-0.9015180445349771,0.05,2.765494701952905,0.2,-0.09294873745175641,-0.20668826209752497,0.3887879754380666,0.31182198462792016
64,0.5,0.5,-0.9015180445349771,0.05,2.765494701952905,0.2,-0.09294873745175641,-0.20668826209752497,0.3887879754380666,0.31182198462792016
65,0.5,0.5,-0.9015180445349771,0.05,2.764858550181605,0.2,-0.09294873745175641,-0.20668826209752497,0.3887879754380666,0.31182198462792016
66,0.5,0.5,-0.9015180445349771,0.05,2.764858550181605,0.2,-0.09294873745175641,-0.20668826209752497,0.3887879754380666,0.31182198462792016
67,0.5,0.5,-0.90222572252009,0.05,2.3358660833130145,0.2,-0.09309572091399904,-0.20585210797675454,0.3880503719178599,0.29990736320419586
68,0.5,0.5,-0.90222572252009,0.05,2.3358660833130145,0.2,-0.09309572091399904,-0.20585210797675454,0.3880503719178599,0.29990736320419586
69,0.5,0.5,-0.9046261842177872,0.05,1.9846175024119768,0.2,-0.09355197711340817,-0.20267226752348466,0.3854896578818709,0.25642154806719325
70,0.5,0.5,-0.9046261842177872,0.05,1.9846175024119768,0.2,-0.09355197711340817,-0.20267226752348466,0.3854896578818709,0.25642154806719325
71,0.5,0.5,-0.9046261842177872,0.05,2.262201006187747,0.2,-0.09355197711340817,-0.20267226752348466,0.3854896578818709,0.25642154806719325
72,0.5,0.5,-0.9046261842177872,0.05,2.262201006187747,0.2,-0.09355197711340817,-0.20267226752348466,0.3854896578818709,0.25642154806719325
73,0.5,0.5,-0.9051844894953683,0.05,1.907731686976877,0.2,-0.0936681608151324,-0.20201701303329736,0.3849072319362276,0.24711604487666822
74,0.5,0.5,-0.9051844894953683,0.05,1.907731686976877,0.2,-0.0936681608151324,-0.20201701303329736,0.3849072319362276,0.24711604487666822
75,0.5,0.5,-0.9051844894953683,0.05,2.1771761518863775,0.2,-0.0936681608151324,-0.20201701303329736,0.3849072319362276,0.24711604487666822
76,0.5,0.5,-0.9051844894953683,0.05,2.1771761518863775,0.2,-0.0936681608151324,-0.20201701303329736,0.3849072319362276,0.24711604487666822
77,0.5,0.5,-0.9051844894953683,0.05,2.1755773310582915,0.2,-0.0936681608151324,-0.20201701303329736,0.3849072319362276,0.24711604487666822
78,0.5,0.5,-0.9051844894953683,0.05,2.1755773310582915,0.2,-0.0936681608151324,-0.20201701303329736,0.3849072319362276,0.24711604487666822
79,0.5,0.5,-0.9057245493201923,0.05,1.833080351100659,0.2,-0.09378079790390674,-0.2013882782181587,0.38435079547187506,0.2382022552662692
80,0.5,0.5,-0.9057245493201923,0.05,1.833080351100659,0.2,-0.09378079790390674,-0.2013882782181587,0.38435079547187506,0.2382022552662692
81,0.5,0.5,-0.9063137381606763,0.05,1.7633014497121633,0.2,-0.09390697761369353,-0.20078443028437068,0.38375400766016826,0.2297201752825986
82,0.5,0.5,-0.9063137381606763,0.05,1.7633014497121633,0.2,-0.09390697761369353,-0.20078443028437068,0.38375400766016826,0.2297201752825986
83,0.5,0.5,-0.9068435204617235,0.05,1.6946354963119377,0.2,-0.09400369391048896,-0.20019679031894647,0.38321062940211403,0.2214931958400747
84,0.5,0.5,-0.9068435204617235,0.05,1.6946354963119377,0.2,-0.09400369391048896,-0.20019679031894647,0.38321062940211403,0.2214931958400747
85,0.5,0.5,-0.9068435204617235,0.05,1.9442864374732667,0.2,-0.09400369391048896,-0.20019679031894647,0.38321062940211403,0.2214931958400747
86,0.5,0.5,-0.9068435204617235,0.05,1.9442864374732667,0.2,-0.09400369391048896,-0.20019679031894647,0.38321062940211403,0.2214931958400747
87,0.5,0.5,-0.9068435204617235,0.05,1.9439453183477247,0.2,-0.09400369391048896,-0.20019679031894647,0.38321062940211403,0.2214931958400747
88,0.5,0.5,-0.9068435204617235,0.05,1.9439453183477247,0.2,-0.09400369391048896,-0.20019679031894647,0.38321062940211403,0.2214931958400747
89,0.5,0.5,-0.907306120046775,0.05,1.6347474224514573,0.2,-0.094042397057581,-0.19964533394588957,0.3827359109458578,0.21369362488760482
90,0.5,0.5,-0.907306120046775,0.05,1.6347474224514573,0.2,-0.094042397057581,-0.19964533394588957,0.3827359109458578,0.21369362488760482
91,0.5,0.5,-0.907306120046775,0.05,1.8705876404431865,0.2,-0.094042397057581,-0.19964533394588957,0.3827359109458578,0.21369362488760482
92,0.5,0.5,-0.907306120046775,0.05,1.8705876404431865,0.2,-0.094042397057581,-0.19964533394588957,0.3827359109458578,0.21369362488760482
93,0.5,0.5,-0.9077548889817635,0.05,1.5742125712050163,0.2,-0.09405553973681441,-0.19911578753441397,0.382277602185631,0.20623376237537375
94,0.5,0.5,-0.9077548889817635,0.05,1.5742125712050163,0.2,-0.09405553973681441,-0.19911578753441397,0.382277602185631,0.20623376237537375
95,0.5,0.5,-0.9077548889817635,0.05,1.8023819276918498,0.2,-0.09405553973681441,-0.19911578753441397,0.382277602185631,0.20623376237537375
96,0.5,0.5,-0.9077548889817635,0.05,1.8023819276918498,0.2,-0.09405553973681441,-0.19911578753441397,0.382277602185631,0.20623376237537375
97,0.5,0.5,-0.9081844826433082,0.05,1.5137790927597938,0.2,-0.09406775828433038,-0.19860726774209383,0.3818422707152317,0.19909423200187612
98,0.5,0.5,-0.9081844826433082,0.05,1.5137790927597938,0.2,-0.09406775828433038,-0.19860726774209383,0.3818422707152317,0.19909423200187612
99,0.5,0.5,-0.9081844826433082,0.05,1.7351774669219147,0.2,-0.09406775828433038,-0.19860726774209383,0.3818422707152317,0.19909423200187612
100,0.5,0.5,-0.9081844826433082,0.05,1.7351774669219147,0.2,-0.09406775828433038,-0.19860726774209383,0.3818422707152317,0.19909423200187612
101,0.5,0.5,-0.9086960938940017,0.05,1.681371911960221,0.2,-0.09408445900582056,-0.19803865371192544,0.38132471933041745,0.19146458210900022
102,0.5,0.5,-0.9086960938940017,0.05,1.681371911960221,0.2,-0.09408445900582056,-0.19803865371192544,0.38132471933041745,0.19146458210900022
103,0.5,0.5,-0.9095344179978946,0.05,1.5502412821563865,0.2,-0.09410555706418694,-0.19694483392696166,0.38047171747561426,0.17700872141992657
104,0.5,0.5,-0.9095344179978946,0.05,1.5502412821563865,0.2,-0.09410555706418694,-0.19694483392696166,0.38047171747561426,0.17700872141992657
105,0.5,0.5,-0.9100293138702977,0.05,1.4883621293067066,0.2,-0.09412206262685648,-0.1964298852802693,0.37997278218931846,0.1702892889770759
106,0.5,0.5,-0.9100293138702977,0.05,1.4883621293067066,0.2,-0.09412206262685648,-0.1964298852802693,0.37997278218931846,0.1702892889770759
107,0.5,0.5,-0.9100293138702977,0.05,1.5106351027184577,0.2,-0.09412206262685648,-0.1964298852802693,0.37997278218931846,0.1702892889770759
108,0.5,0.5,-0.9100293138702977,0.05,1.5106351027184577,0.2,-0.09412206262685648,-0.1964298852802693,0.37997278218931846,0.1702892889770759
109,0.5,0.5,-0.9107243593952499,0.05,1.3911803818098343,0.2,-0.09413992065781185,-0.19550798004715045,0.3792698823442018,0.15771915441189982
110,0.5,0.5,-0.9107243593952499,0.05,1.3911803818098343,0.2,-0.09413992065781185,-0.19550798004715045,0.3792698823442018,0.15771915441189982
111,0.5,0.5,-0.9107243593952499,0.05,1.5715768559845484,0.2,-0.09413992065781185,-0.19550798004715045,0.3792698823442018,0.15771915441189982
112,0.5,0.5,-0.9107243593952499,0.05,1.5715768559845484,0.2,-0.09413992065781185,-0.19550798004715045,0.3792698823442018,0.15771915441189982
113,0.5,0.5,-0.9110413863653071,0.05,1.3354599401816956,0.2,-0.094148394196005,-0.1950974926612387,0.3789477858387742,0.15195648774209394
114,0.5,0.5,-0.9110413863653071,0.05,1.3354599401816956,0.2,-0.094148394196005,-0.1950974926612387,0.3789477858387742,0.15195648774209394
115,0.5,0.5,-0.9110413863653071,0.05,1.5108407596628257,0.2,-0.094148394196005,-0.1950974926612387,0.3789477858387742,0.15195648774209394
116,0.5,0.5,-0.9110413863653071,0.05,1.5108407596628257,0.2,-0.094148394196005,-0.1950974926612387,0.3789477858387742,0.15195648774209394
117,0.5,0.5,-0.9115833982369898,0.05,1.2367644837308596,0.2,-0.09416028088707892,-0.1943036013710575,0.3784006756392905,0.14104154168655744
118,0.5,0.5,-0.9115833982369898,0.05,1.2367644837308596,0.2,-0.09416028088707892,-0.1943036013710575,0.3784006756392905,0.14104154168655744
119,0.5,0.5,-0.9115833982369898,0.05,1.4001805017003708,0.2,-0.09416028088707892,-0.1943036013710575,0.3784006756392905,0.14104154168655744
120,0.5,0.5,-0.9115833982369898,0.05,1.4001805017003708,0.2,-0.09416028088707892,-0.1943036013710575,0.3784006756392905,0.14104154168655744
121,0.5,0.5,-0.9119409877711678,0.05,1.338981664305333,0.2,-0.09417728316404717,-0.19388712302583666,0.3780400442309727,0.13545824454400335
122,0.5,0.5,-0.9119409877711678,0.05,1.338981664305333,0.2,-0.09417728316404717,-0.19388712302583666,0.3780400442309727,0.13545824454400335
123,0.5,0.5,-0.9123133833490676,0.05,1.3033000335144933,0.2,-0.09420929824012284,-0.19347009598255024,0.37766103956992225,0.12997854813013326
124,0.5,0.5,-0.9123133833490676,0.05,1.3033000335144933,0.2,-0.09420929824012284,-0.19347009598255024,0.37766103956992225,0.12997854813013326
125,0.5,0.5,-0.9126378734817595,0.05,1.2504065663735642,0.2,-0.09423689412550933,-0.19307229619651275,0.3773309429216325,0.12477090799781754
126,0.5,0.5,-0.9126378734817595,0.05,1.2504065663735642,0.2,-0.09423689412550933,-0.19307229619651275,0.3773309429216325,0.12477090799781754
127,0.5,0.5,-0.9126378734817595,0.05,1.2725191650703664,0.2,-0.09423689412550933,-0.19307229619651275,0.3773309429216325,0.12477090799781754
128,0.5,0.5,-0.9126378734817595,0.05,1.2725191650703664,0.2,-0.09423689412550933,-0.19307229619651275,0.3773309429216325,0.12477090799781754
129,0.5,0.5,-0.9129358318324206,0.05,1.2164354252883705,0.2,-0.09426257863761504,-0.19271635985433327,0.3770298426568175,0.11983862100917125
130,0.5,0.5,-0.9129358318324206,0.05,1.2164354252883705,0.2,-0.09426257863761504,-0.19271635985433327,0.3770298426568175,0.11983862100917125
131,0.5,0.5,-0.9129358318324206,0.05,1.3580176113686575,0.2,-0.09426257863761504,-0.19271635985433327,0.3770298426568175,0.11983862100917125
132,0.5,0.5,-0.9129358318324206,0.05,1.3580176113686575,0.2,-0.09426257863761504,-0.19271635985433327,0.3770298426568175,0.11983862100917125
133,0.5,0.5,-0.9129358318324206,0.05,1.3729935900556238,0.2,-0.09426257863761504,-0.19271635985433327,0.3770298426568175,0.11983862100917125
134,0.5,0.5,-0.9129358318324206,0.05,1.3729935900556238,0.2,-0.09426257863761504,-0.19271635985433327,0.3770298426568175,0.11983862100917125
135,0.5,0.5,-0.913299050540841,0.05,1.329480188852539,0.2,-0.0943561882808729,-0.19233242313255566,0.3766634312865024,0.11448223765370844
136,0.5,0.5,-0.913299050540841,0.05,1.329480188852539,0.2,-0.0943561882808729,-0.19233242313255566,0.3766634312865024,0.11448223765370844
137,0.5,0.5,-0.913299050540841,0.05,1.4664457220808824,0.2,-0.0943561882808729,-0.19233242313255566,0.3766634312865024,0.11448223765370844
138,0.5,0.5,-0.913299050540841,0.05,1.4664457220808824,0.2,-0.0943561882808729,-0.19233242313255566,0.3766634312865024,0.11448223765370844
139,0.5,0.5,-0.913299050540841,0.05,3.6056075427776766,0.2,-0.0943561882808729,-0.19233242313255566,0.3766634312865024,0.11448223765370844
140,0.5,0.5,-0.913299050540841,0.05,3.6056075427776766,0.2,-0.0943561882808729,-0.19233242313255566,0.3766634312865024,0.11448223765370844
141,0.5,0.5,-0.8497160312227697,0.05,-2.3858039076422615,0.2,0.8243819106649428,-0.5526366164906076,-0.06488302401092053,-0.3662367753236769
142,0.5,0.5,-0.8497160312227697,0.05,-2.3858039076422615,0.2,0.8243819106649428,-0.5526366164906076,-0.06488302401092053,-0.3662367753236769
143,0.5,0.5,-0.8481023421778093,0.05,-2.5148751606481135,0.2,0.8245681448365346,-0.5542351096504833,-0.06319953326050753,-0.344318381560878
144,0.5,0.5,-0.8481023421778093,0.05,-2.5148751606481135,0.2,0.8245681448365346,-0.5542351096504833,-0.06319953326050753,-0.344318381560878
145,0.5,0.5,-0.8481023421778093,0.05,-2.513936354887877,0.2,0.8245681448365346,-0.5542351096504833,-0.06319953326050753,-0.344318381560878
146,0.5,0.5,-0.8481023421778093,0.05,-2.513936354887877,0.2,0.8245681448365346,-0.5542351096504833,-0.06319953326050753,-0.344318381560878
147,0.5,0.5,-0.8481023421778093,0.05,-2.5132135575326506,0.2,0.8245681448365346,-0.5542351096504833,-0.06319953326050753,-0.344318381560878
148,0.5,0.5,-0.8481023421778093,0.05,-2.5132135575326506,0.2,0.8245681448365346,-0.5542351096504833,-0.06319953326050753,-0.344318381560878
149,0.5,0.5,-0.8481023421778093,0.05,-2.5126399088380267,0.2,0.8245681448365346,-0.5542351096504833,-0.06319953326050753,-0.344318381560878
150,0.5,0.5,-0.8481023421778093,0.05,-2.5126399088380267,0.2,0.8245681448365346,-0.5542351096504833,-0.06319953326050753,-0.344318381560878
151,0.5,0.5,-0.8481023421778093,0.05,-2.7319246995311466,0.2,0.8245681448365346,-0.5542351096504833,-0.06319953326050753,-0.344318381560878
152,0.5,0.5,-0.8481023421778093,0.05,-2.7319246995311466,0.2,0.8245681448365346,-0.5542351096504833,-0.06319953326050753,-0.344318381560878
153,0.5,0.5,-0.8481023421778093,0.05,-3.373891631593467,0.2,0.8245681448365346,-0.5542351096504833,-0.06319953326050753,-0.344318381560878
154,0.5,0.5,-0.8481023421778093,0.05,-3.373891631593467,0.2,0.8245681448365346,-0.5542351096504833,-0.06319953326050753,-0.344318381560878
155,0.5,0.5,-0.8481023421778093,0.05,-5.376327814952013,0.2,0.8245681448365346,-0.5542351096504833,-0.06319953326050753,-0.344318381560878
156,0.5,0.5,-0.8481023421778093,0.05,-5.376327814952013,0.2,0.8245681448365346,-0.5542351096504833,-0.06319953326050753,-0.344318381560878
157,0.5,0.5,-0.8481023421778093,0.05,-5.869625067419471,0.2,0.8245681448365346,-0.5542351096504833,-0.06319953326050753,-0.344318381560878
158,0.5,0.5,-0.8481023421778093,0.05,-5.869625067419471,0.2,0.8245681448365346,-0.5542351096504833,-0.06319953326050753,-0.344318381560878
159,0.5,0.5,-0.8481023421778093,0.05,-6.113540689979999,0.2,0.8245681448365346,-0.5542351096504833,-0.06319953326050753,-0.344318381560878
160,0.5,0.5,-0.8481023421778093,0.05,-6.113540689979999,0.2,0.8245681448365346,-0.5542351096504833,-0.06319953326050753,-0.344318381560878
161,0.5,0.5,-0.48860300228682507,0.05,6.170488972237412,0.2,0.7534442226178579,-0.7094463259857204,0.9242308934457837,0.7913089052592106
162,0.5,0.5,-0.48860300228682507,0.05,6.170488972237412,0.2,0.7534442226178579,-0.7094463259857204,0.9242308934457837,0.7913089052592106
163,0.5,0.5,-0.4945066398988235,0.05,5.736424406324715,0.2,0.751648211258285,-0.7037143852645336,0.9178747533755969,0.7129150420062458
164,0.5,0.5,-0.4945066398988235,0.05,5.736424406324715,0.2,0.751648211258285,-0.7037143852645336,0.9178747533755969,0.7129150420062458
165,0.5,0.5,-0.4945066398988235,0.05,5.713798512103539,0.2,0.751648211258285,-0.7037143852645336,0.9178747533755969,0.7129150420062458
166,0.5,0.5,-0.4945066398988235,0.05,5.713798512103539,0.2,0.751648211258285,-0.7037143852645336,0.9178747533755969,0.7129150420062458
167,0.5,0.5,-0.49728024003216903,0.05,5.501620149844564,0.2,0.7502881010206292,-0.7009473101072827,0.9149788885814607,0.6762463330694156
168,0.5,0.5,-0.49728024003216903,0.05,5.501620149844564,0.2,0.7502881010206292,-0.7009473101072827,0.9149788885814607,0.6762463330694156
169,0.5,0.5,-0.5022057063762616,0.05,5.058980943522379,0.2,0.7480048003464843,-0.6959968755344512,0.9095417862095889,0.6084321666069024
170,0.5,0.5,-0.5022057063762616,0.05,5.058980943522379,0.2,0.7480048003464843,-0.6959968755344512,0.9095417862095889,0.6084321666069024
171,0.5,0.5,-0.5045445461665314,0.05,4.841165972769769,0.2,0.7469243158221149,-0.6937049133804697,0.9070429434089724,0.5772527852916667
172,0.5,0.5,-0.5045445461665314,0.05,4.841165972769769,0.2,0.7469243158221149,-0.6937049133804697,0.9070429434089724,0.5772527852916667
173,0.5,0.5,-0.5156188051925313,0.05,3.7651857930842745,0.2,0.7420020764001785,-0.6835186290861311,0.893202671521436,0.4219486089626561
174,0.5,0.5,-0.5156188051925313,0.05,3.7651857930842745,0.2,0.7420020764001785,-0.6835186290861311,0.893202671521436,0.4219486089626561
175,0.5,0.5,-0.5172357344377749,0.05,3.6793730894716905,0.2,0.7410994552121086,-0.6819697755248447,0.8913695837022797,0.3998525138720346
176,0.5,0.5,-0.5172357344377749,0.05,3.6793730894716905,0.2,0.7410994552121086,-0.6819697755248447,0.8913695837022797,0.3998525138720346
177,0.5,0.5,-0.5187943531633579,0.05,3.54527294010093,0.2,0.7400871173405115,-0.6804504029546325,0.8896524780949101,0.3785906603112565
178,0.5,0.5,-0.5187943531633579,0.05,3.54527294010093,0.2,0.7400871173405115,-0.6804504029546325,0.8896524780949101,0.3785906603112565
179,0.5,0.5,-0.5187943531633579,0.05,3.5426383237894767,0.2,0.7400871173405115,-0.6804504029546325,0.8896524780949101,0.3785906603112565
180,0.5,0.5,-0.5187943531633579,0.05,3.5426383237894767,0.2,0.7400871173405115,-0.6804504029546325,0.8896524780949101,0.3785906603112565
181,0.5,0.5,-0.5225327856511585,0.05,2.868203473379327,0.2,0.7373716466216207,-0.6772843661182569,0.8852086556600878,0.3220754971357047
182,0.5,0.5,-0.5225327856511585,0.05,2.868203473379327,0.2,0.7373716466216207,-0.6772843661182569,0.8852086556600878,0.3220754971357047
183,0.5,0.5,-0.5235966157189788,0.05,2.790811951275996,0.2,0.7365649064500369,-0.6763210500288235,0.8840214998443645,0.30447520694412555
184,0.5,0.5,-0.5235966157189788,0.05,2.790811951275996,0.2,0.7365649064500369,-0.6763210500288235,0.8840214998443645,0.30447520694412555
185,0.5,0.5,-0.5257446142012541,0.05,2.608103527140276,0.2,0.7348960731814109,-0.6745699432846297,0.8814819049858461,0.27225714513519994
186,0.5,0.5,-0.5257446142012541,0.05,2.608103527140276,0.2,0.7348960731814109,-0.6745699432846297,0.8814819049858461,0.27225714513519994
187,0.5,0.5,-0.5266506670251584,0.05,2.5159008280275534,0.2,0.7342241938189905,-0.6737523196531034,0.8804695222813261,0.2572358043487123
188,0.5,0.5,-0.5266506670251584,0.05,2.5159008280275534,0.2,0.7342241938189905,-0.6737523196531034,0.8804695222813261,0.2572358043487123
189,0.5,0.5,-0.5281051407262727,0.05,3.081258532646745,0.2,0.73296892604051,-0.6725672470300678,0.8787403649617996,0.2300964502270582
190,0.5,0.5,-0.5281051407262727,0.05,3.081258532646745,0.2,0.73296892604051,-0.6725672470300678,0.8787403649617996,0.2300964502270582
191,0.5,0.5,-0.528738552798183,0.05,2.985376215690754,0.2,0.7324155806970062,-0.6719970471825361,0.8780298401149447,0.21732430597194713
192,0.5,0.5,-0.528738552798183,0.05,2.985376215690754,0.2,0.7324155806970062,-0.6719970471825361,0.8780298401149447,0.21732430597194713
193,0.5,0.5,-0.5293029615947891,0.05,2.8695326380244355,0.2,0.7319203560549622,-0.6714825629395235,0.877401401257387,0.20515415971375975
194,0.5,0.5,-0.5293029615947891,0.05,2.8695326380244355,0.2,0.7319203560549622,-0.6714825629395235,0.877401401257387,0.20515415971375975
195,0.5,0.5,-0.5311143295957533,0.05,2.4022114694743646,0.2,0.7301501474183301,-0.6702822276051523,0.8751693552157926,0.1731417471335353
196,0.5,0.5,-0.5311143295957533,0.05,2.4022114694743646,0.2,0.7301501474183301,-0.6702822276051523,0.8751693552157926,0.1731417471335353
197,0.5,0.5,-0.5315494667242322,0.05,2.317150217142426,0.2,0.7297767401091508,-0.6699132229086604,0.8746894836302616,0.1632818248362246
198,0.5,0.5,-0.5315494667242322,0.05,2.317150217142426,0.2,0.7297767401091508,-0.6699132229086604,0.8746894836302616,0.1632818248362246
199,0.5,0.5,-0.5319676218787563,0.05,2.087143082363177,0.2,0.7294013020942723,-0.6696075138305762,0.8742172811071195,0.15484094359675618
200,0.5,0.5,-0.5319676218787563,0.05,2.087143082363177,0.2,0.7294013020942723,-0.6696075138305762,0.8742172811071195,0.15484094359675618
201,0.5,0.5,-0.5334988772151201,0.05,1.82266985271388,0.2,0.7279734246768842,-0.6687258986901267,0.8724622328897382,0.13036495751567992
202,0.5,0.5,-0.5334988772151201,0.05,1.82266985271388,0.2,0.7279734246768842,-0.6687258986901267,0.8724622328897382,0.13036495751567992
203,0.5,0.5,-0.5373169190867279,0.05,1.2698037205852497,0.2,0.7241917050978427,-0.6676482894851001,0.868133969344635,0.0944442179105437
204,0.5,0.5,-0.5373169190867279,0.05,1.2698037205852497,0.2,0.7241917050978427,-0.6676482894851001,0.868133969344635,0.0944442179105437
205,0.5,0.5,-0.5384075141785836,0.05,1.2336425217541698,0.2,0.7229966521573101,-0.6673187346692573,0.8669730383095389,0.08317386862518591
206,0.5,0.5,-0.5384075141785836,0.05,1.2336425217541698,0.2,0.7229966521573101,-0.6673187346692573,0.8669730383095389,0.08317386862518591
207,0.5,0.5,-0.5387162905358308,0.05,1.2088896945672571,0.2,0.7226871252662257,-0.6671906566230967,0.8666526147849193,0.0785213971306243
208,0.5,0.5,-0.5387162905358308,0.05,1.2088896945672571,0.2,0.7226871252662257,-0.6671906566230967,0.8666526147849193,0.0785213971306243
209,0.5,0.5,-0.5394452269845882,0.05,1.1900862214736825,0.2,0.7219738884535405,-0.6669955906211161,0.8659067467265275,0.0708254066391014
210,0.5,0.5,0.8941038174872871,0.05,-1.8671840032972573,0.2,-0.21314908334604274,0.24673326989196448,0.6024044135986493,-0.5449093115195656
211,0.5,0.5,0.8941038174872871,0.05,-1.8671840032972573,0.2,-0.21314908334604274,0.24673326989196448,0.6024044135986493,-0.5449093115195656
212,0.5,0.5,0.9143951208875583,0.05,-0.1278523223630247,0.2,-0.20273058138187638,0.2377623085587355,0.6251572996040379,-0.40063998317446586
213,0.5,0.5,0.9143951208875583,0.05,-0.1278523223630247,0.2,-0.20273058138187638,0.2377623085587355,0.6251572996040379,-0.40063998317446586
214,0.5,0.5,0.9267230202717596,0.05,0.5257627610640752,0.2,-0.19480084844410878,0.23433713855543783,0.6384846483649081,-0.34784001477147036
215,0.5,0.5,0.9267230202717596,0.05,0.5257627610640752,0.2,-0.19480084844410878,0.23433713855543783,0.6384846483649081,-0.34784001477147036
216,0.5,0.5,0.9353427153661061,0.05,0.7733594944352536,0.2,-0.18820222032389186,0.23296780668341263,0.647552289349474,-0.3106666449782173
217,0.5,0.5,-0.3457252167247212,0.05,-0.2581131170823868,0.2,-0.24780509301011158,-0.560574019637978,0.9398646048987707,-0.1390058433211418
218,0.5,0.5,-0.3457252167247212,0.05,-0.2581131170823868,0.2,-0.24780509301011158,-0.560574019637978,0.9398646048987707,-0.1390058433211418
219,0.5,0.5,-0.34407925526012006,0.05,-0.04216077702300984,0.2,-0.24758283899890118,-0.5619227111626334,0.9415626834582224,-0.12075439168345577
220,0.5,0.5,-0.34407925526012006,0.05,-0.04216077702300984,0.2,-0.24758283899890118,-0.5619227111626334,0.9415626834582224,-0.12075439168345577
221,0.5,0.5,-0.34407925526012006,0.05,-0.044495882459124655,0.2,-0.24758283899890118,-0.5619227111626334,0.9415626834582224,-0.12075439168345577
222,0.5,0.5,-0.34407925526012006,0.05,-0.044495882459124655,0.2,-0.24758283899890118,-0.5619227111626334,0.9415626834582224,-0.12075439168345577
223,0.5,0.5,-0.34407925526012006,0.05,-0.046191906407460834,0.2,-0.24758283899890118,-0.5619227111626334,0.9415626834582224,-0.12075439168345577
224,0.5,0.5,-0.34407925526012006,0.05,-0.046191906407460834,0.2,-0.24758283899890118,-0.5619227111626334,0.9415626834582224,-0.12075439168345577
225,0.5,0.5,-0.34407925526012006,0.05,-0.04747962829416032,0.2,-0.24758283899890118,-0.5619227111626334,0.9415626834582224,-0.12075439168345577
226,0.5,0.5,-0.34407925526012006,0.05,-0.04747962829416032,0.2,-0.24758283899890118,-0.5619227111626334,0.9415626834582224,-0.12075439168345577
227,0.5,0.5,-0.34309882045329454,0.05,0.041159232036506545,0.2,-0.24730048529872234,-0.5627525991517536,0.9425946498275736,-0.10926779934900602
228,0.5,0.5,-0.34309882045329454,0.05,0.041159232036506545,0.2,-0.24730048529872234,-0.5627525991517536,0.9425946498275736,-0.10926779934900602
229,0.5,0.5,-0.34309882045329454,0.05,0.03259977119182426,0.2,-0.24730048529872234,-0.5627525991517536,0.9425946498275736,-0.10926779934900602
230,0.5,0.5,-0.34309882045329454,0.05,0.03259977119182426,0.2,-0.24730048529872234,-0.5627525991517536,0.9425946498275736,-0.10926779934900602
231,0.5,0.5,-0.34309882045329454,0.05,0.02920890785720024,0.2,-0.24730048529872234,-0.5627525991517536,0.9425946498275736,-0.10926779934900602
232,0.5,0.5,-0.34309882045329454,0.05,0.02920890785720024,0.2,-0.24730048529872234,-0.5627525991517536,0.9425946498275736,-0.10926779934900602
233,0.5,0.5,-0.34309882045329454,0.05,0.026434565128871414,0.2,-0.24730048529872234,-0.5627525991517536,0.9425946498275736,-0.10926779934900602
234,0.5,0.5,-0.34309882045329454,0.05,0.026434565128871414,0.2,-0.24730048529872234,-0.5627525991517536,0.9425946498275736,-0.10926779934900602
235,0.5,0.5,-0.34309882045329454,0.05,0.024122612855264132,0.2,-0.24730048529872234,-0.5627525991517536,0.9425946498275736,-0.10926779934900602
236,0.5,0.5,-0.34309882045329454,0.05,0.024122612855264132,0.2,-0.24730048529872234,-0.5627525991517536,0.9425946498275736,-0.10926779934900602
237,0.5,0.5,-0.33926740667438277,0.05,0.31305030320622934,0.2,-0.24612999493476906,-0.5648689550206575,0.9467015375870026,-0.07976682193487325
238,0.5,0.5,-0.33926740667438277,0.05,0.31305030320622934,0.2,-0.24612999493476906,-0.5648689550206575,0.9467015375870026,-0.07976682193487325
239,0.5,0.5,-0.33566854699423687,0.05,0.40558421241660775,0.2,-0.24378293690829697,-0.5663172054445996,0.9506740599942853,-0.05672875118352472
240,0.5,0.5,-0.33566854699423687,0.05,0.40558421241660775,0.2,-0.24378293690829697,-0.5663172054445996,0.9506740599942853,-0.05672875118352472
241,0.5,0.5,-0.3347940624295816,0.05,0.4113139065894321,0.2,-0.24305786909980667,-0.5667599776449718,0.9516229494782714,-0.046288899137366245
242,0.5,0.5,-0.3347940624295816,0.05,0.4113139065894321,0.2,-0.24305786909980667,-0.5667599776449718,0.9516229494782714,-0.046288899137366245
243,0.5,0.5,-0.33396102440961095,0.05,0.4271571241596297,0.2,-0.24230050881631074,-0.567191121411643,0.9525178992948399,-0.035651323969312476
244,0.5,0.5,-0.33396102440961095,0.05,0.4271571241596297,0.2,-0.24230050881631074,-0.567191121411643,0.9525178992948399,-0.035651323969312476
245,0.5,0.5,-0.3331751558497505,0.05,0.44806236676255184,0.2,-0.24163886675034038,-0.5675874479017688,0.9533506495487354,-0.025371247882636238
246,0.5,0.5,-0.3331751558497505,0.05,0.44806236676255184,0.2,-0.24163886675034038,-0.5675874479017688,0.9533506495487354,-0.025371247882636238
247,0.5,0.5,-0.3323942553374425,0.05,0.4663040464996701,0.2,-0.24105965801189613,-0.5679671963561279,0.9541700535639756,-0.015264412452439025
248,0.5,0.5,-0.3323942553374425,0.05,0.4663040464996701,0.2,-0.24105965801189613,-0.5679671963561279,0.9541700535639756,-0.015264412452439025
249,0.5,0.5,-0.32448046892939536,0.05,0.4528093146596254,0.2,-0.2347428668541218,-0.5692001556569488,0.9623571622511632,0.024837744095989663
