iter,reward,lossInTroops,exploration,estimatorAttack,estimatorOffset,targetOffset,totalNumTroops
1,10.0,1.0,0.0,1.0,124.43021987417141,57.950707859045444,47.0
2,10.0,1.0,0.0,1.0,80.7239823218815,80.7239823218815,47.0
3,10.0,3.0,0.0,1.0,77.38058027170227,80.7239823218815,47.0
4,-2.0,2.0,0.0,1.0,1.440285767338722,1.440285767338722,45.0
5,-1.0,0.0,0.0,1.0,0.02930888726564658,0.12904091124166328,43.0
6,-1.0,0.0,0.0,1.0,0.07034131307107933,0.07034131307107933,43.0
7,-1.0,0.0,0.0,1.0,0.005962290672594864,0.07034131307107933,43.0
8,10.0,2.0,0.0,1.0,82.42146330034096,82.42146330034096,43.0
9,-1.0,0.0,0.0,1.0,0.12907005672352112,0.02932102724899407,42.0
10,-1.0,0.0,0.0,1.0,0.02932264554025337,0.02932264554025337,42.0
11,10.0,1.0,0.0,1.0,85.87007710142494,82.42137750155301,42.0
12,-1.0,1.0,0.0,1.0,0.029326115091589125,0.029326115091589125,48.0
13,10.0,1.0,0.0,1.0,85.86988939683347,82.42119356053394,47.0
14,10.0,1.0,0.0,1.0,82.42100963080802,82.42100963080802,47.0
15,10.0,1.0,0.0,1.0,79.04227703900852,82.42100963080802,47.0
16,-1.0,1.0,0.0,1.0,0.07037003368082223,0.07037003368082223,47.0
17,-1.0,1.0,0.0,1.0,0.005970653617575951,0.07037003368082223,46.0
18,-1.0,1.0,0.0,1.0,0.029339565247303974,0.029339565247303974,45.0
19,-1.0,1.0,0.0,1.0,2.789207941807702E-4,0.029339565247303974,44.0
20,10.0,1.0,0.0,1.0,82.42221070746459,82.42221070746459,43.0
21,10.0,1.0,0.0,1.0,79.04345323983141,82.42221070746459,43.0
22,-1.0,1.0,0.0,1.0,0.07033494315398056,0.07033494315398056,43.0
23,10.0,1.0,0.0,1.0,84.13763102831135,80.72399328610554,49.0
24,10.0,1.0,0.0,1.0,80.72387698940551,80.72387698940551,49.0
25,-1.0,1.0,0.0,1.0,0.2054293968886822,0.07033837602193549,49.0
26,-1.0,1.0,0.0,1.0,0.07034034031234866,0.07034034031234866,48.0
27,-1.0,1.0,0.0,1.0,0.005962007494797343,0.07034034031234866,47.0
28,10.0,1.0,0.0,1.0,82.42149658810266,82.42149658810266,46.0
29,-1.0,1.0,0.0,1.0,0.1290687394498739,0.02932039940510166,46.0
30,-1.0,1.0,0.0,1.0,0.029322017687487965,0.029322017687487965,45.0
31,-1.0,1.0,0.0,1.0,2.8063418346583924E-4,0.029322017687487965,44.0
32,10.0,1.0,0.0,1.0,82.42313501010223,82.42313501010223,43.0
33,-1.0,1.0,0.0,1.0,0.12900391194329505,0.02928950542518307,43.0
34,10.0,2.0,0.0,1.0,82.42304918752657,82.42304918752657,49.0
35,10.0,1.0,0.0,1.0,79.04427435400633,82.42304918752657,48.0
36,10.0,1.0,0.0,1.0,80.72482308322328,80.72482308322328,48.0
37,10.0,1.0,0.0,1.0,77.38140343769933,80.72482308322328,48.0
38,10.0,1.0,0.0,1.0,79.04427457446697,79.04427457446697,48.0
39,-1.0,1.0,0.0,1.0,0.29943355198605004,0.1290072983618925,48.0
40,10.0,1.0,0.0,1.0,79.04422067044551,79.04422067044551,47.0
41,10.0,1.0,0.0,1.0,75.7361573513104,79.04422067044551,47.0
42,-1.0,0.0,0.0,1.0,0.205384408981924,0.205384408981924,47.0
43,-1.0,0.0,0.0,1.0,0.0703199092527314,0.205384408981924,47.0
44,10.0,1.0,0.0,1.0,79.04403994413144,79.04403994413144,53.0
45,10.0,1.0,0.0,1.0,75.73598044720191,79.04403994413144,53.0
46,10.0,1.0,0.0,1.0,77.38117151125437,77.38117151125437,53.0
47,10.0,1.0,0.0,1.0,74.10846719902501,77.38117151125437,53.0
48,10.0,1.0,0.0,1.0,75.73598067234317,75.73598067234317,53.0
49,10.0,1.0,0.0,1.0,72.49863154311154,75.73598067234317,53.0
50,-1.0,1.0,0.0,1.0,0.4111798477633291,0.4111798477633291,53.0
51,10.0,1.0,0.0,1.0,77.380991890634,74.10846742658177,52.0
52,10.0,1.0,0.0,1.0,74.10842342429147,74.10842342429147,52.0
53,10.0,1.0,0.0,1.0,70.90643043741784,74.10842342429147,52.0
54,-1.0,0.0,0.0,1.0,0.5405929830101939,0.5405929830101939,52.0
55,10.0,1.0,0.0,1.0,75.73578318482429,72.49858825139628,52.0
56,-1.0,0.0,0.0,1.0,0.540596219671757,0.540596219671757,52.0
57,-1.0,0.0,0.0,1.0,0.29946280608562986,0.540596219671757,52.0
58,-1.0,1.0,0.0,1.0,0.41119264152813073,0.41119264152813073,52.0
59,10.0,1.0,0.0,1.0,77.38081638603319,74.10829567025723,51.0
60,-1.0,0.0,0.0,1.0,0.411195919140853,0.411195919140853,51.0
61,-1.0,0.0,0.0,1.0,0.2054142344556808,0.411195919140853,51.0
62,10.0,1.0,0.0,1.0,75.73565384569726,75.73565384569726,51.0
63,-1.0,0.0,0.0,1.0,0.5406168572255295,0.29946853017039193,51.0
64,10.0,1.0,0.0,1.0,75.7356155366753,75.7356155366753,58.0
65,10.0,1.0,0.0,1.0,72.4982742966101,75.7356155366753,58.0
66,10.0,1.0,0.0,1.0,74.10810623549747,74.10810623549747,58.0
67,10.0,1.0,0.0,1.0,70.9061201766892,74.10810623549747,58.0
68,-1.0,1.0,0.0,1.0,0.5406200740163563,0.5406200740163563,58.0
69,10.0,1.0,0.0,1.0,75.73546253654563,72.4982745266353,57.0
70,-1.0,0.0,0.0,1.0,0.5406233106698062,0.5406233106698062,57.0
71,-1.0,0.0,0.0,1.0,0.2994829691314497,0.5406233106698062,57.0
72,10.0,1.0,0.0,1.0,74.10797848570576,74.10797848570576,57.0
73,-1.0,1.0,0.0,1.0,0.6877232306705909,0.41121626849564774,57.0
74,10.0,1.0,0.0,1.0,74.10794532161052,74.10794532161052,56.0
75,-1.0,0.0,1.0,0.0,0.687726425465836,0.4112187389197473,56.0
76,10.0,1.0,0.0,1.0,74.1079121576087,74.1079121576087,56.0
77,10.0,1.0,0.0,1.0,70.90593033787393,74.1079121576087,56.0
78,-1.0,0.0,0.0,1.0,0.5406366505178669,0.5406366505178669,56.0
79,-1.0,0.0,0.0,1.0,0.2994928976580779,0.5406366505178669,56.0
80,-1.0,0.0,0.0,1.0,0.4112279026561986,0.4112279026561986,56.0
81,10.0,1.0,0.0,1.0,77.38033268976973,74.10782230438483,56.0
82,10.0,1.0,0.0,1.0,74.1077783050739,74.1077783050739,56.0
83,-1.0,0.0,0.0,1.0,0.6877425147857371,0.41123118025707184,56.0
84,10.0,1.0,0.0,1.0,74.10774514154268,74.10774514154268,56.0
85,10.0,1.0,0.0,1.0,70.90576696979815,74.10774514154268,79.0
86,10.0,1.0,0.0,1.0,72.49791737621278,72.49791737621278,79.0
87,-1.0,1.0,0.0,1.0,0.8525179864293865,0.5406509158468273,79.0
88,-1.0,0.0,0.0,1.0,0.540653425963051,0.540653425963051,78.0
89,-1.0,0.0,0.0,1.0,0.299505383276381,0.540653425963051,78.0
90,-1.0,0.0,0.0,1.0,0.4112425331542494,0.4112425331542494,78.0
91,10.0,1.0,0.0,1.0,77.38013200172188,74.10762590247865,78.0
92,-1.0,1.0,0.0,1.0,0.4112458107502065,0.4112458107502065,78.0
93,10.0,1.0,0.0,1.0,77.38008704312585,74.10758190407466,99.0
94,10.0,1.0,0.0,1.0,74.10753790587387,74.10753790587387,99.0
95,10.0,2.0,0.0,1.0,70.90556426060795,74.10753790587387,99.0
96,-1.0,0.0,0.0,1.0,0.5406686167332718,0.5406686167332718,98.0
97,-1.0,0.0,0.0,1.0,0.2995166895111682,0.5406686167332718,98.0
98,10.0,1.0,0.0,1.0,74.10744805632737,74.10744805632737,98.0
99,-1.0,0.0,0.0,1.0,0.6877743294747315,0.41125578162624454,98.0
100,-1.0,0.0,0.0,1.0,0.41125825206653016,0.41125825206653016,98.0
101,-1.0,0.0,0.0,1.0,0.205458290727314,0.41125825206653016,98.0
102,10.0,1.0,0.0,1.0,75.73480794374044,75.73480794374044,98.0
103,-1.0,0.0,0.0,1.0,0.5406883282746182,0.2995217245726121,98.0
104,10.0,1.0,0.0,1.0,75.73476963771775,75.73476963771775,120.0
105,10.0,1.0,0.0,1.0,72.49744667432317,75.73476963771775,120.0
106,-1.0,0.0,0.0,1.0,0.4112690851044012,0.4112690851044012,120.0
107,10.0,1.0,0.0,1.0,77.3797677956708,74.10726947487609,120.0
108,-1.0,0.0,0.0,1.0,0.4112723626914362,0.4112723626914362,120.0
109,10.0,1.0,0.0,1.0,77.37972283875423,74.10722547811801,120.0
110,10.0,2.0,0.0,1.0,74.10718148156305,74.10718148156305,120.0
111,10.0,2.0,0.0,1.0,70.9052156213956,74.10718148156305,141.0
112,10.0,3.0,0.0,1.0,72.49735987202227,72.49735987202227,140.0
113,-1.0,0.0,0.0,1.0,0.852578443296451,0.5406990611965063,138.0
114,10.0,1.0,0.0,1.0,72.4973308064798,72.4973308064798,138.0
115,-1.0,0.0,0.0,1.0,0.8525815952870524,0.5407015713234922,138.0
116,10.0,3.0,0.0,1.0,72.4973017410041,72.4973017410041,138.0
117,10.0,1.0,0.0,1.0,69.33069234404495,72.4973017410041,136.0
118,10.0,1.0,0.0,1.0,70.9051583647922,70.9051583647922,158.0
119,10.0,1.0,0.0,1.0,67.773904145489,70.9051583647922,158.0
120,-1.0,0.0,0.0,1.0,0.852584721202846,0.852584721202846,158.0
121,10.0,1.0,0.0,1.0,72.49718571999664,69.33069257917168,158.0
122,-1.0,0.0,0.0,1.0,0.8525878731918831,0.8525878731918831,158.0
123,10.0,1.0,0.0,1.0,72.4971566548544,69.33066415562625,158.0
124,10.0,1.0,0.0,1.0,69.3306357321463,69.3306357321463,158.0
125,10.0,2.0,0.0,1.0,66.23473797236332,69.3306357321463,182.0
126,10.0,1.0,0.0,1.0,67.77384817808945,67.77384817808945,181.0
127,10.0,1.0,0.0,1.0,64.71330559219443,67.77384817808945,181.0
128,10.0,1.0,0.0,1.0,66.23473821282153,66.23473821282153,181.0
129,10.0,1.0,0.0,1.0,63.2095507988638,66.23473821282153,181.0
130,-1.0,0.0,0.0,1.0,1.4529951523983935,1.4529951523983935,181.0
131,-1.0,0.0,0.0,1.0,1.0350583956375623,1.4529951523983935,181.0
132,-1.0,0.0,1.0,0.0,1.2351890931499008,1.2351890931499008,181.0
133,-1.0,0.0,0.0,1.0,0.8526062839253119,1.2351890931499008,181.0
134,-1.0,0.0,0.0,1.0,1.0350601108956443,1.0350601108956443,181.0
135,10.0,1.0,0.0,1.0,70.90489994989227,67.77375210651935,181.0
136,10.0,1.0,0.0,1.0,67.77372695509996,67.77372695509996,214.0
137,-1.0,0.0,0.0,1.0,1.4530129383979116,1.0350632191380904,214.0
138,10.0,1.0,0.0,1.0,67.7737063450299,67.7737063450299,214.0
139,10.0,1.0,0.0,1.0,64.71316699860579,67.7737063450299,247.0
140,-1.0,0.0,0.0,1.0,1.2352020959853827,1.2352020959853827,247.0
141,10.0,1.0,0.0,1.0,69.330400719303,66.23459799949758,247.0
142,10.0,1.0,0.0,1.0,66.2345755662448,66.2345755662448,280.0
143,-1.0,0.0,0.0,1.0,1.6885108561599267,1.2352051594940545,280.0
144,10.0,1.0,0.0,1.0,66.23455695892633,66.23455695892633,280.0
145,10.0,1.0,0.0,1.0,63.2093737326361,66.23455695892633,313.0
146,-1.0,0.0,0.0,1.0,1.4530219983497186,1.4530219983497186,313.0
147,10.0,1.0,0.0,1.0,67.77358263943583,64.71312667534882,313.0
148,10.0,1.0,0.0,1.0,64.7131065360981,64.7131065360981,346.0
149,-1.0,0.0,0.0,1.0,1.9416865954899698,1.453025016101196,346.0
150,10.0,1.0,0.0,1.0,64.71308966127835,64.71308966127835,346.0
151,10.0,1.0,0.0,1.0,61.723262470091385,64.71308966127835,370.0
152,-1.0,0.0,0.0,1.0,1.6885197658136126,1.6885197658136126,370.0
153,10.0,1.0,0.0,1.0,66.23444533522091,63.209337397184726,370.0
154,10.0,1.0,0.0,1.0,63.209319219834086,63.209319219834086,370.0
155,-1.0,0.0,0.0,1.0,2.2125401160691935,1.688522736749383,370.0
156,10.0,1.0,0.0,1.0,63.209303858505386,63.209303858505386,370.0
157,10.0,1.0,0.0,1.0,60.25483262841289,63.209303858505386,370.0
158,-1.0,0.0,0.0,1.0,1.941695352582616,1.941695352582616,370.0
159,10.0,1.0,0.0,1.0,64.71298848189892,61.723229576937236,370.0
160,10.0,1.0,0.0,1.0,61.7232130966009,61.7232130966009,370.0
161,-1.0,0.0,0.0,1.0,2.501071381559714,1.9416982756073318,370.0
162,10.0,1.0,0.0,1.0,61.72319906881474,61.72319906881474,370.0
163,10.0,1.0,0.0,1.0,58.80408373468183,61.72319906881474,370.0
164,-1.0,0.0,0.0,1.0,2.2125487179187617,2.2125487179187617,370.0
165,10.0,1.0,0.0,1.0,63.20921179821438,60.254802737252284,370.0
166,10.0,2.0,0.0,1.0,60.254787739266554,60.254787739266554,370.0
167,-1.0,0.0,0.0,1.0,2.8072803588680615,2.2125515918984258,369.0
168,10.0,1.0,0.0,1.0,60.2547748953667,60.2547748953667,369.0
169,10.0,2.0,0.0,1.0,57.37101539930456,60.2547748953667,370.0
170,-1.0,0.0,0.0,1.0,2.501079825144153,2.501079825144153,369.0
171,10.0,1.0,0.0,1.0,61.72311503993718,58.804056484914874,369.0
172,10.0,1.0,0.0,1.0,58.8040427928953,58.8040427928953,370.0
173,-1.0,0.0,0.0,1.0,3.1311670175654744,2.5010826489042226,370.0
174,10.0,1.0,0.0,1.0,58.804031007079885,58.804031007079885,370.0
175,10.0,1.0,0.0,1.0,55.95562729718866,58.804031007079885,370.0
176,-1.0,0.0,0.0,1.0,2.8072886408759254,2.8072886408759254,370.0
177,10.0,1.0,0.0,1.0,60.25469799415758,57.37099049184,370.0
178,10.0,1.0,0.0,1.0,57.37097795908938,57.37097795908938,370.0
179,-1.0,0.0,0.0,1.0,3.4727313294249846,2.8072914131993105,370.0
180,10.0,1.0,0.0,1.0,57.3709671245969,57.3709671245969,370.0
181,10.0,1.0,0.0,1.0,54.55791915397904,57.3709671245969,370.0
182,-1.0,0.0,0.0,1.0,3.131175134428267,3.131175134428267,370.0
183,10.0,2.0,0.0,1.0,58.80396047443236,55.95560448117332,370.0
184,10.0,1.0,0.0,1.0,55.955592984372274,55.955592984372274,370.0
185,-1.0,0.0,0.0,1.0,3.8319732680467413,3.1311778540532123,370.0
186,10.0,1.0,0.0,1.0,55.95558300982371,55.95558300982371,370.0
187,10.0,1.0,0.0,1.0,53.17789073579826,55.95558300982371,370.0
188,-1.0,0.0,0.0,1.0,3.4727392773374026,3.4727392773374026,370.0
189,10.0,1.0,0.0,1.0,57.37090231671951,54.5578982169311,370.0
190,10.0,1.0,0.0,1.0,54.557887651420046,54.557887651420046,370.0
191,-1.0,0.0,0.0,1.0,4.208892808550874,3.472741942955252,370.0
192,10.0,1.0,0.0,1.0,54.557878457999216,54.557878457999216,370.0
193,10.0,1.0,0.0,1.0,51.815541841467976,54.557878457999216,370.0
194,-1.0,0.0,0.0,1.0,3.831981042978626,3.831981042978626,370.0
195,10.0,1.0,0.0,1.0,55.95552337599571,53.177871496145755,370.0
196,10.0,1.0,0.0,1.0,53.177861772339874,53.177861772339874,370.0
197,-1.0,0.0,0.0,1.0,4.60348992732258,3.8319836532314526,370.0
198,10.0,1.0,0.0,1.0,53.17785329159149,53.17785329159149,370.0
199,10.0,1.0,0.0,1.0,50.47087229652158,53.17785329159149,370.0
200,-1.0,0.0,0.0,1.0,4.208900406253284,4.208900406253284,370.0
201,10.0,1.0,0.0,1.0,54.557823523446785,51.815524142820244,370.0
202,10.0,1.0,0.0,1.0,51.8155151834461,51.8155151834461,370.0
203,-1.0,0.0,0.0,1.0,5.0157646017980895,4.208902959731362,370.0
204,10.0,1.0,0.0,1.0,51.81550735553585,51.81550735553585,370.0
205,10.0,3.0,0.0,1.0,49.14388194853309,51.81550735553585,380.0
206,10.0,1.0,0.0,1.0,50.47085600321156,50.47085600321156,378.0
207,10.0,1.0,0.0,1.0,47.834585743195824,50.47085600321156,380.0
208,10.0,1.0,0.0,1.0,49.14388222685848,49.14388222685848,380.0
209,10.0,1.0,0.0,1.0,46.54296711118742,49.14388222685848,380.0
210,10.0,1.0,0.0,1.0,47.834586025222364,47.834586025222364,380.0
211,10.0,1.0,0.0,1.0,45.26902605118002,47.834586025222364,380.0
212,10.0,1.0,0.0,1.0,46.54296739701493,46.54296739701493,380.0
213,10.0,3.0,0.0,1.0,44.012762561808515,46.54296739701493,380.0
214,10.0,2.0,0.0,1.0,45.269026340912326,45.269026340912326,378.0
215,10.0,1.0,0.0,1.0,42.77417664166902,45.269026340912326,380.0
216,10.0,1.0,0.0,1.0,44.01276285555384,44.01276285555384,380.0
217,10.0,2.0,0.0,1.0,41.55326828931724,44.01276285555384,380.0
218,10.0,1.0,0.0,1.0,42.77417693954009,42.77417693954009,379.0
219,10.0,1.0,0.0,1.0,40.3500375032665,42.77417693954009,380.0
220,10.0,1.0,0.0,1.0,41.55326859143164,41.55326859143164,380.0
221,10.0,1.0,0.0,1.0,39.16448428198622,41.55326859143164,380.0
222,10.0,2.0,0.0,1.0,40.350037809746965,40.350037809746965,380.0
223,10.0,1.0,0.0,1.0,37.996608623899526,40.350037809746965,380.0
224,10.0,1.0,0.0,1.0,39.1644845929608,39.1644845929608,380.0
225,10.0,1.0,0.0,1.0,36.846410527381394,39.1644845929608,380.0
226,10.0,1.0,0.0,1.0,37.99660893950199,37.99660893950199,380.0
227,10.0,1.0,0.0,1.0,35.71388999075625,37.99660893950199,380.0
228,10.0,1.0,0.0,1.0,36.846410847751606,36.846410847751606,380.0
229,10.0,1.0,0.0,1.0,34.599047012295735,36.846410847751606,380.0
230,10.0,1.0,0.0,1.0,35.713890316040555,35.713890316040555,380.0
231,10.0,1.0,0.0,1.0,33.501881590215994,35.713890316040555,380.0
232,10.0,1.0,0.0,1.0,34.599047342647275,34.599047342647275,380.0
233,10.0,1.0,0.0,1.0,32.4223937226751,34.599047342647275,380.0
234,10.0,2.0,0.0,1.0,33.50188192579521,33.50188192579521,380.0
235,10.0,1.0,0.0,1.0,31.36058340777006,33.50188192579521,380.0
236,10.0,1.0,0.0,1.0,32.422394063650124,32.422394063650124,380.0
237,10.0,1.0,0.0,1.0,30.316450643533774,32.422394063650124,380.0
238,10.0,1.0,0.0,1.0,31.360583754317346,31.360583754317346,380.0
239,10.0,1.0,0.0,1.0,29.289995427931785,31.360583754317346,380.0
240,10.0,1.0,0.0,1.0,30.316450995838522,30.316450995838522,380.0
241,10.0,2.0,0.0,1.0,28.281217758858617,30.316450995838522,380.0
242,10.0,2.0,0.0,1.0,29.289995786188594,29.289995786188594,379.0
243,10.0,3.0,0.0,1.0,27.29011763413417,29.289995786188594,380.0
244,10.0,1.0,0.0,1.0,28.28121812327217,28.28121812327217,378.0
245,10.0,1.0,0.0,1.0,26.316695051499508,28.28121812327217,380.0
246,10.0,1.0,0.0,1.0,27.290118004919893,27.290118004919893,380.0
247,10.0,1.0,0.0,1.0,25.36095000861268,27.290118004919893,380.0
248,10.0,1.0,0.0,1.0,26.3166954288843,26.3166954288843,380.0
249,10.0,1.0,0.0,1.0,24.42288250304377,26.3166954288843,380.0
250,10.0,1.0,0.0,1.0,25.36095039283576,25.36095039283576,380.0
251,10.0,1.0,0.0,1.0,23.50249253227018,25.36095039283576,380.0
252,10.0,1.0,0.0,1.0,24.422882894357677,24.422882894357677,380.0
253,10.0,1.0,0.0,1.0,22.59978009367096,24.422882894357677,380.0
254,10.0,1.0,0.0,1.0,23.5024929309417,23.5024929309417,380.0
255,10.0,1.0,0.0,1.0,21.714745184521124,23.5024929309417,380.0
256,10.0,1.0,0.0,1.0,22.59978049998221,22.59978049998221,380.0
257,10.0,1.0,0.0,1.0,20.847387801985114,22.59978049998221,380.0
258,10.0,1.0,0.0,1.0,21.714745598770772,21.714745598770772,380.0
259,10.0,1.0,0.0,1.0,19.997707943110147,21.714745598770772,380.0
260,10.0,1.0,0.0,1.0,20.84738822448974,20.84738822448974,380.0
261,10.0,2.0,0.0,1.0,19.16570560481862,20.84738822448974,380.0
262,10.0,1.0,0.0,1.0,19.997708374205658,19.997708374205658,379.0
263,10.0,1.0,0.0,1.0,18.351380783900083,19.997708374205658,380.0
264,10.0,1.0,0.0,1.0,19.165706044861786,19.165706044861786,380.0
265,10.0,1.0,0.0,1.0,17.55473347700238,19.165706044861786,380.0
266,10.0,1.0,0.0,1.0,18.35138123327045,18.35138123327045,380.0
267,10.0,2.0,0.0,1.0,16.775763680622173,18.35138123327045,380.0
268,10.0,1.0,0.0,1.0,17.554733936104203,17.554733936104203,379.0
269,10.0,1.0,0.0,1.0,16.0144713910943,17.554733936104203,380.0
270,10.0,1.0,0.0,1.0,16.775764149886587,16.775764149886587,380.0
271,10.0,1.0,0.0,1.0,15.270856604580455,16.775764149886587,380.0
272,10.0,2.0,0.0,1.0,16.014471870981726,16.014471870981726,380.0
273,10.0,1.0,0.0,1.0,14.54491931705636,16.014471870981726,380.0
274,10.0,1.0,0.0,1.0,15.270857095583336,15.270857095583336,380.0
275,10.0,1.0,0.0,1.0,13.836659524298176,15.270857095583336,380.0
276,10.0,2.0,0.0,1.0,14.544919819702308,14.544919819702308,380.0
277,10.0,1.0,0.0,1.0,13.146077221867081,14.544919819702308,380.0
278,10.0,1.0,0.0,1.0,13.836660039153251,13.836660039153251,380.0
279,10.0,3.0,0.0,1.0,12.473172405092411,13.836660039153251,380.0
280,10.0,2.0,0.0,1.0,13.146077749539716,13.146077749539716,378.0
281,10.0,1.0,0.0,1.0,11.817945069053067,13.146077749539716,380.0
282,10.0,1.0,0.0,1.0,12.473172946237712,12.473172946237712,380.0
283,10.0,1.0,0.0,1.0,11.180395208556675,12.473172946237712,380.0
284,10.0,1.0,0.0,1.0,11.817945624377746,11.817945624377746,380.0
285,10.0,1.0,0.0,1.0,10.560522818116596,11.817945624377746,380.0
286,10.0,1.0,0.0,1.0,11.180395778824607,11.180395778824607,380.0
287,10.0,1.0,0.0,1.0,9.958327891925984,11.180395778824607,380.0
288,10.0,1.0,0.0,1.0,10.560523404155171,10.560523404155171,380.0
289,10.0,1.0,0.0,1.0,9.373810423829068,10.560523404155171,380.0
290,10.0,1.0,0.0,1.0,9.958328494633399,9.958328494633399,380.0
291,10.0,2.0,0.0,1.0,8.806970407288462,9.958328494633399,380.0
292,10.0,2.0,0.0,1.0,9.373811044182538,9.373811044182538,379.0
293,10.0,2.0,0.0,1.0,8.257807835348585,9.373811044182538,380.0
294,10.0,1.0,0.0,1.0,8.80697104635391,8.80697104635391,379.0
295,10.0,1.0,0.0,1.0,7.726322700594107,8.80697104635391,380.0
296,10.0,1.0,0.0,1.0,8.257808494291657,8.257808494291657,380.0
297,10.0,1.0,0.0,1.0,7.212514995102701,8.257808494291657,380.0
298,10.0,1.0,0.0,1.0,7.726323380693072,7.726323380693072,380.0
299,10.0,1.0,0.0,1.0,6.7163847103910985,7.726323380693072,380.0
300,10.0,2.0,0.0,1.0,7.212515697763466,7.212515697763466,380.0
301,10.0,1.0,0.0,1.0,6.237931837353225,7.212515697763466,380.0
302,10.0,2.0,0.0,1.0,6.716385437164792,6.716385437164792,380.0
303,10.0,2.0,0.0,1.0,5.777156366188744,6.716385437164792,380.0
304,10.0,2.0,0.0,1.0,6.237932589956998,6.237932589956998,379.0
305,10.0,1.0,0.0,1.0,5.334058286320486,6.237932589956998,380.0
306,10.0,1.0,0.0,1.0,5.777157146530406,5.777157146530406,380.0
307,10.0,1.0,0.0,1.0,4.908637586297922,5.777157146530406,380.0
308,10.0,1.0,0.0,1.0,5.3340590965278425,5.3340590965278425,380.0
309,10.0,1.0,0.0,1.0,4.500894253684109,5.3340590965278425,380.0
310,10.0,1.0,0.0,1.0,4.9086384287541005,4.9086384287541005,380.0
311,10.0,1.0,0.0,1.0,4.110828274922224,4.9086384287541005,380.0
312,10.0,1.0,0.0,1.0,4.500895131070233,4.500895131070233,380.0
313,10.0,3.0,0.0,1.0,3.738439635176738,4.500895131070233,380.0
314,10.0,1.0,0.0,1.0,4.110829190269477,4.110829190269477,378.0
315,10.0,1.0,0.0,1.0,3.383728318143173,4.110829190269477,380.0
316,10.0,1.0,0.0,1.0,3.738440591930288,3.738440591930288,380.0
317,10.0,1.0,0.0,1.0,3.04669430581795,3.738440591930288,380.0
318,10.0,1.0,0.0,1.0,3.3837293202415486,3.3837293202415486,380.0
319,10.0,1.0,0.0,1.0,2.727337578217675,3.3837293202415486,380.0
320,10.0,1.0,0.0,1.0,3.046695357792413,3.046695357792413,380.0
321,10.0,1.0,0.0,1.0,2.4256581130326853,3.046695357792413,380.0
322,10.0,1.0,0.0,1.0,2.727338685318196,2.727338685318196,380.0
323,10.0,3.0,0.0,1.0,2.141655885195067,2.727338685318196,380.0
324,10.0,1.0,0.0,1.0,2.425659281389567,2.425659281389567,378.0
325,10.0,1.0,0.0,1.0,1.8753308663324133,2.425659281389567,380.0
326,10.0,1.0,0.0,1.0,2.1416571220288922,2.1416571220288922,380.0
327,10.0,4.0,0.0,1.0,1.626683024067365,2.1416571220288922,380.0
328,10.0,1.0,0.0,1.0,1.8753321802312983,1.8753321802312983,377.0
329,10.0,1.0,0.0,1.0,1.3957123211044256,1.8753321802312983,380.0
330,10.0,1.0,0.0,1.0,1.626684425359464,1.626684425359464,380.0
331,10.0,1.0,0.0,1.0,1.1824187140171387,1.626684425359464,380.0
332,10.0,1.0,0.0,1.0,1.3957138223682195,1.3957138223682195,380.0
333,10.0,1.0,0.0,1.0,0.9868021516019637,1.3957138223682195,380.0
334,10.0,1.0,0.0,1.0,1.1824203307968242,1.1824203307968242,380.0
335,10.0,1.0,0.0,1.0,0.8088625725884606,1.1824203307968242,380.0
336,10.0,1.0,0.0,1.0,0.9868039034378806,0.9868039034378806,380.0
337,10.0,1.0,0.0,1.0,0.648599902359284,0.9868039034378806,380.0
338,10.0,1.0,0.0,1.0,0.8088644845493093,0.8088644845493093,380.0
339,10.0,1.0,0.0,1.0,0.5060140480865446,0.8088644845493093,380.0
340,10.0,1.0,0.0,1.0,0.6486020074119535,0.6486020074119535,380.0
341,10.0,2.0,0.0,1.0,0.3811048912126206,0.6486020074119535,380.0
342,10.0,1.0,0.0,1.0,0.5060163909453217,0.5060163909453217,379.0
343,10.0,1.0,0.0,1.0,0.2738722752127374,0.5060163909453217,380.0
344,10.0,2.0,0.0,1.0,0.38110753500215455,0.38110753500215455,380.0
345,10.0,3.0,0.0,1.0,0.18431598435066646,0.38110753500215455,380.0
346,10.0,1.0,0.0,1.0,0.27387531404327997,0.27387531404327997,378.0
347,10.0,2.0,0.0,1.0,0.11243570357298331,0.27387531404327997,380.0
348,10.0,1.0,0.0,1.0,0.18431957021094422,0.18431957021094422,379.0
349,10.0,1.0,0.0,1.0,0.05823093369162605,0.18431957021094422,380.0
350,10.0,1.0,0.0,1.0,0.11244011637363449,0.11244011637363449,380.0
351,10.0,1.0,0.0,1.0,0.021700779956846737,0.11244011637363449,380.0
352,10.0,1.0,0.0,1.0,0.05823684170595983,0.05823684170595983,380.0
353,10.0,1.0,0.0,1.0,0.0028432621827763635,0.05823684170595983,380.0
354,10.0,1.0,0.0,1.0,0.021711575066604417,0.021711575066604417,380.0
355,10.0,1.0,0.0,1.0,0.0016510972865042338,0.021711575066604417,380.0
356,10.0,1.0,0.0,1.0,0.02170230139107933,0.02170230139107933,380.0
357,10.0,1.0,0.0,1.0,0.0016536550808367008,0.02170230139107933,380.0
358,10.0,1.0,0.0,1.0,0.02169304034992859,0.02169304034992859,380.0
359,10.0,2.0,0.0,1.0,0.0016562119117849764,0.02169304034992859,380.0
360,10.0,1.0,0.0,1.0,0.021683791909136045,0.021683791909136045,379.0
361,10.0,1.0,0.0,1.0,0.0016587677800516687,0.021683791909136045,380.0
362,10.0,1.0,0.0,1.0,0.02167455603484234,0.02167455603484234,380.0
363,10.0,1.0,0.0,1.0,0.0016613226863353189,0.02167455603484234,380.0
364,10.0,1.0,0.0,1.0,0.021665332693328012,0.021665332693328012,380.0
365,10.0,1.0,0.0,1.0,0.001663876631334588,0.021665332693328012,380.0
366,10.0,2.0,0.0,1.0,0.02165612185102563,0.02165612185102563,380.0
367,10.0,1.0,0.0,1.0,0.0016664296157466072,0.02165612185102563,380.0
368,10.0,1.0,0.0,1.0,0.021646923474513437,0.021646923474513437,380.0
369,10.0,3.0,0.0,1.0,0.0016689816402653275,0.021646923474513437,380.0
370,10.0,1.0,0.0,1.0,0.021637737530518675,0.021637737530518675,378.0
371,10.0,1.0,0.0,1.0,0.0016715327055832777,0.021637737530518675,380.0
372,10.0,1.0,0.0,1.0,0.021628563985905982,0.021628563985905982,380.0
373,10.0,1.0,0.0,1.0,0.0016740828123923573,0.021628563985905982,380.0
374,10.0,1.0,0.0,1.0,0.021619402807690386,0.021619402807690386,380.0
375,10.0,1.0,0.0,1.0,0.0016766319613821879,0.021619402807690386,380.0
376,10.0,3.0,0.0,1.0,0.021610253963024812,0.021610253963024812,380.0
377,10.0,1.0,0.0,1.0,0.001679180153240905,0.021610253963024812,380.0
378,10.0,1.0,0.0,1.0,0.021601117419207814,0.021601117419207814,380.0
379,10.0,1.0,0.0,1.0,0.001681727388654976,0.021601117419207814,380.0
380,10.0,1.0,0.0,1.0,0.02159199314368076,0.02159199314368076,380.0
381,10.0,1.0,0.0,1.0,0.001684273668308039,0.02159199314368076,380.0
382,10.0,1.0,0.0,1.0,0.02158288110401886,0.02158288110401886,380.0
383,10.0,1.0,0.0,1.0,0.0016868189928841508,0.02158288110401886,380.0
384,10.0,1.0,0.0,1.0,0.02157378126794242,0.02157378126794242,380.0
385,10.0,1.0,0.0,1.0,0.001689363363064672,0.02157378126794242,380.0
386,10.0,1.0,0.0,1.0,0.021564693603310488,0.021564693603310488,380.0
387,10.0,1.0,0.0,1.0,0.0016919067795285747,0.021564693603310488,380.0
388,10.0,1.0,0.0,1.0,0.021555618078115447,0.021555618078115447,380.0
389,10.0,1.0,0.0,1.0,0.0016944492429549689,0.021555618078115447,380.0
390,10.0,2.0,0.0,1.0,0.021546554660494228,0.021546554660494228,380.0
391,10.0,2.0,0.0,1.0,0.0016969907540189955,0.021546554660494228,380.0
392,10.0,1.0,0.0,1.0,0.021537503318709714,0.021537503318709714,379.0
393,10.0,1.0,0.0,1.0,0.0016995313133975553,0.021537503318709714,380.0
394,10.0,1.0,0.0,1.0,0.021528464021170736,0.021528464021170736,380.0
395,10.0,1.0,0.0,1.0,0.0017020709217622474,0.021528464021170736,380.0
396,10.0,1.0,0.0,1.0,0.021519436736413513,0.021519436736413513,380.0
397,10.0,1.0,0.0,1.0,0.0017046095797853494,0.021519436736413513,380.0
398,10.0,1.0,0.0,1.0,0.02151042143310933,0.02151042143310933,380.0
399,10.0,2.0,0.0,1.0,0.0017071472881374345,0.02151042143310933,380.0
400,10.0,1.0,0.0,1.0,0.02150141808006616,0.02150141808006616,379.0
401,10.0,1.0,0.0,1.0,0.0017096840474862126,0.02150141808006616,380.0
402,10.0,1.0,0.0,1.0,0.02149242664622059,0.02149242664622059,380.0
403,10.0,1.0,0.0,1.0,0.001712219858499573,0.02149242664622059,380.0
404,10.0,1.0,0.0,1.0,0.021483447100642032,0.021483447100642032,380.0
405,10.0,1.0,0.0,1.0,0.001714754721842206,0.021483447100642032,380.0
406,10.0,1.0,0.0,1.0,0.02147447941253082,0.02147447941253082,380.0
407,10.0,1.0,0.0,1.0,0.0017172886381781553,0.02147447941253082,380.0
408,10.0,1.0,0.0,1.0,0.021465523551215407,0.021465523551215407,380.0
409,10.0,1.0,0.0,1.0,0.0017198216081699132,0.021465523551215407,380.0
410,10.0,1.0,0.0,1.0,0.021456579486153076,0.021456579486153076,380.0
411,10.0,1.0,0.0,1.0,0.0017223536324787534,0.021456579486153076,380.0
412,10.0,1.0,0.0,1.0,0.021447647186933295,0.021447647186933295,380.0
413,10.0,1.0,0.0,1.0,0.0017248847117630796,0.021447647186933295,380.0
414,10.0,1.0,0.0,1.0,0.0214387266232714,0.0214387266232714,380.0
415,10.0,1.0,0.0,1.0,0.0017274148466804957,0.0214387266232714,380.0
416,10.0,1.0,0.0,1.0,0.02142981776500673,0.02142981776500673,380.0
417,10.0,1.0,0.0,1.0,0.0017299440378881444,0.02142981776500673,380.0
418,10.0,1.0,0.0,1.0,0.02142092058210853,0.02142092058210853,380.0
419,10.0,1.0,0.0,1.0,0.0017324722860395678,0.02142092058210853,380.0
420,10.0,1.0,0.0,1.0,0.021412035044669736,0.021412035044669736,380.0
421,10.0,2.0,0.0,1.0,0.0017349995917885239,0.021412035044669736,380.0
422,10.0,1.0,0.0,1.0,0.021403161122908517,0.021403161122908517,379.0
423,10.0,1.0,0.0,1.0,0.0017375259557865944,0.021403161122908517,380.0
424,10.0,1.0,0.0,1.0,0.021394298787165523,0.021394298787165523,380.0
425,10.0,2.0,0.0,1.0,0.0017400513786837736,0.021394298787165523,380.0
426,10.0,1.0,0.0,1.0,0.021385448007905473,0.021385448007905473,379.0
427,10.0,2.0,0.0,1.0,0.0017425758611290623,0.021385448007905473,380.0
428,10.0,1.0,0.0,1.0,0.021376608755716998,0.021376608755716998,379.0
429,10.0,1.0,0.0,1.0,0.0017450994037693163,0.021376608755716998,380.0
430,10.0,1.0,0.0,1.0,0.02136778100130986,0.02136778100130986,380.0
431,10.0,1.0,0.0,1.0,0.0017476220072500913,0.02136778100130986,380.0
432,10.0,1.0,0.0,1.0,0.021358964715511335,0.021358964715511335,380.0
433,10.0,1.0,0.0,1.0,0.0017501436722162412,0.021358964715511335,380.0
434,10.0,1.0,0.0,1.0,0.0213501598692765,0.0213501598692765,380.0
435,10.0,1.0,0.0,1.0,0.0017526643993092687,0.0213501598692765,380.0
436,10.0,1.0,0.0,1.0,0.021341366433671526,0.021341366433671526,380.0
437,10.0,1.0,0.0,1.0,0.0017551841891721757,0.021341366433671526,380.0
438,10.0,1.0,0.0,1.0,0.02133258437988749,0.02133258437988749,380.0
439,10.0,1.0,0.0,1.0,0.0017577030424433123,0.02133258437988749,380.0
440,10.0,2.0,0.0,1.0,0.021323813679230617,0.021323813679230617,380.0
441,10.0,1.0,0.0,1.0,0.0017602209597624853,0.021323813679230617,380.0
442,10.0,1.0,0.0,1.0,0.02131505430312826,0.02131505430312826,380.0
443,10.0,1.0,0.0,1.0,0.0017627379417655541,0.02131505430312826,380.0
444,10.0,1.0,0.0,1.0,0.021306306223122615,0.021306306223122615,380.0
445,10.0,1.0,0.0,1.0,0.0017652539890877896,0.021306306223122615,380.0
446,10.0,1.0,0.0,1.0,0.02129756941086974,0.02129756941086974,380.0
447,10.0,1.0,0.0,1.0,0.0017677691023647375,0.02129756941086974,380.0
448,10.0,1.0,0.0,1.0,0.021288843838146373,0.021288843838146373,380.0
449,10.0,1.0,0.0,1.0,0.0017702832822278083,0.021288843838146373,380.0
450,10.0,1.0,0.0,1.0,0.02128012947684019,0.02128012947684019,380.0
451,10.0,1.0,0.0,1.0,0.0017727965293086502,0.02128012947684019,380.0
452,10.0,1.0,0.0,1.0,0.021271426298954902,0.021271426298954902,380.0
453,10.0,1.0,0.0,1.0,0.0017753088442372539,0.021271426298954902,380.0
454,10.0,2.0,0.0,1.0,0.021262734276608377,0.021262734276608377,380.0
455,10.0,1.0,0.0,1.0,0.0017778202276415563,0.021262734276608377,380.0
456,10.0,1.0,0.0,1.0,0.021254053382031617,0.021254053382031617,380.0
457,10.0,1.0,0.0,1.0,0.0017803306801488128,0.021254053382031617,380.0
458,10.0,1.0,0.0,1.0,0.021245383587564264,0.021245383587564264,380.0
459,10.0,1.0,0.0,1.0,0.0017828402023849547,0.021245383587564264,380.0
460,10.0,2.0,0.0,1.0,0.02123672486566231,0.02123672486566231,380.0
461,10.0,1.0,0.0,1.0,0.0017853487949741995,0.02123672486566231,380.0
462,10.0,1.0,0.0,1.0,0.021228077188892736,0.021228077188892736,380.0
463,10.0,1.0,0.0,1.0,0.001787856458538912,0.021228077188892736,380.0
464,10.0,1.0,0.0,1.0,0.021219440529927264,0.021219440529927264,380.0
465,10.0,2.0,0.0,1.0,0.001790363193701489,0.021219440529927264,380.0
466,10.0,1.0,0.0,1.0,0.021210814861554426,0.021210814861554426,379.0
467,10.0,1.0,0.0,1.0,0.001792869001081193,0.021210814861554426,380.0
468,10.0,1.0,0.0,1.0,0.021202200156667236,0.021202200156667236,380.0
469,10.0,1.0,0.0,1.0,0.0017953738812978089,0.021202200156667236,380.0
470,10.0,1.0,0.0,1.0,0.021193596388272624,0.021193596388272624,380.0
471,10.0,1.0,0.0,1.0,0.001797877834967716,0.021193596388272624,380.0
472,10.0,1.0,0.0,1.0,0.021185003529480013,0.021185003529480013,380.0
473,10.0,1.0,0.0,1.0,0.0018003808627075522,0.021185003529480013,380.0
474,10.0,1.0,0.0,1.0,0.021176421553507255,0.021176421553507255,380.0
475,10.0,1.0,0.0,1.0,0.0018028829651320557,0.021176421553507255,380.0
476,10.0,1.0,0.0,1.0,0.021167850433683116,0.021167850433683116,380.0
477,10.0,1.0,0.0,1.0,0.0018053841428541887,0.021167850433683116,380.0
478,10.0,3.0,0.0,1.0,0.02115929014343932,0.02115929014343932,380.0
479,10.0,1.0,0.0,1.0,0.0018078843964857657,0.02115929014343932,380.0
480,10.0,1.0,0.0,1.0,0.021150740656311298,0.021150740656311298,380.0
481,10.0,1.0,0.0,1.0,0.0018103837266385963,0.021150740656311298,380.0
482,10.0,1.0,0.0,1.0,0.021142201945943254,0.021142201945943254,380.0
483,10.0,1.0,0.0,1.0,0.0018128821339213088,0.021142201945943254,380.0
484,10.0,1.0,0.0,1.0,0.021133673986081982,0.021133673986081982,380.0
485,10.0,1.0,0.0,1.0,0.00181537961894227,0.021133673986081982,380.0
486,10.0,1.0,0.0,1.0,0.021125156750581058,0.021125156750581058,380.0
487,10.0,1.0,0.0,1.0,0.0018178761823076808,0.021125156750581058,380.0
488,10.0,1.0,0.0,1.0,0.021116650213392905,0.021116650213392905,380.0
489,10.0,1.0,0.0,1.0,0.0018203718246234829,0.021116650213392905,390.0
490,10.0,4.0,0.0,1.0,0.021108154348573882,0.021108154348573882,390.0
491,-1.0,0.0,0.0,1.0,86.3515897468841,82.89326975387719,387.0
492,10.0,1.0,0.0,1.0,0.021111633814133512,0.021111633814133512,390.0
493,10.0,1.0,0.0,1.0,0.0018218445706123625,0.021111633814133512,390.0
494,-1.0,0.0,0.0,1.0,82.89358373825054,82.89358373825054,390.0
495,10.0,2.0,0.0,1.0,0.11108795074982514,0.0211031442375996,390.0
496,10.0,1.0,0.0,1.0,0.021104628648035636,0.021104628648035636,389.0
497,-1.0,0.0,0.0,1.0,86.35181518556415,82.89349070608839,389.0
498,10.0,1.0,0.0,1.0,0.021108108118321933,0.021108108118321933,390.0
499,10.0,1.0,0.0,1.0,0.0018228801275671268,0.021108108118321933,390.0
500,-1.0,0.0,0.0,1.0,82.89380443993494,82.89380443993494,390.0
501,10.0,1.0,0.0,1.0,0.11107987151102316,0.02109962295916524,390.0
502,10.0,2.0,0.0,1.0,0.02110110730187148,0.02110110730187148,390.0
503,-1.0,0.0,0.0,1.0,86.35204036489667,82.8937114041317,389.0
504,10.0,1.0,0.0,1.0,0.02110458677687819,0.02110458677687819,390.0
505,10.0,1.0,0.0,1.0,0.0018239147855595602,0.02110458677687819,390.0
506,-1.0,0.0,0.0,1.0,82.89402488785481,82.89402488785481,390.0
507,10.0,2.0,0.0,1.0,0.11107180186583475,0.02109610602750473,390.0
508,10.0,1.0,0.0,1.0,0.021097590302548434,0.021097590302548434,389.0
509,-1.0,0.0,0.0,1.0,86.35226528529738,82.89393184841454,389.0
510,10.0,2.0,0.0,1.0,0.021101069782272382,0.021101069782272382,390.0
511,10.0,2.0,0.0,1.0,0.001824948545489583,0.021101069782272382,389.0
512,-1.0,0.0,0.0,1.0,82.89424508241635,82.89424508241635,388.0
513,10.0,1.0,0.0,1.0,0.1110637417983282,0.02109259343510425,390.0
514,10.0,1.0,0.0,1.0,0.021094077642561153,0.021094077642561153,390.0
515,-1.0,0.0,0.0,1.0,86.3524899471806,82.89415203934297,390.0
516,10.0,1.0,0.0,1.0,0.02109755712699359,0.02109755712699359,390.0
517,10.0,1.0,0.0,1.0,0.0018259814082556044,0.02109755712699359,390.0
518,-1.0,0.0,0.0,1.0,82.89446502402494,82.89446502402494,390.0
519,10.0,1.0,0.0,1.0,0.11105569129262496,0.021089085174473263,390.0
520,10.0,1.0,0.0,1.0,0.0210905693144189,0.0210905693144189,390.0
521,-1.0,0.0,0.0,1.0,86.3527143509599,82.89437197732224,390.0
522,10.0,1.0,0.0,1.0,0.021094048803555903,0.021094048803555903,390.0
523,10.0,2.0,0.0,1.0,0.0018270133747527188,0.021094048803555903,390.0
524,-1.0,0.0,0.0,1.0,82.89468471308464,82.89468471308464,389.0
525,10.0,1.0,0.0,1.0,0.1110476503328956,0.021085581238145367,390.0
526,10.0,1.0,0.0,1.0,0.02108706531064901,0.02108706531064901,390.0
527,-1.0,0.0,0.0,1.0,86.35293849704782,82.89459166275657,390.0
528,10.0,1.0,0.0,1.0,0.021090544804483677,0.021090544804483677,390.0
529,10.0,1.0,0.0,1.0,0.0018280444458783137,0.021090544804483677,390.0
530,-1.0,0.0,0.0,1.0,82.89490414999887,82.89490414999887,390.0
531,10.0,1.0,0.0,1.0,0.1110396189033259,0.02108208161866355,390.0
532,10.0,1.0,0.0,1.0,0.021083565623797738,0.021083565623797738,390.0
533,-1.0,0.0,0.0,1.0,86.35316238585598,82.89481109604934,390.0
534,10.0,2.0,0.0,1.0,0.021087045122323653,0.021087045122323653,390.0
535,10.0,1.0,0.0,1.0,0.0018290746225259255,0.021087045122323653,389.0
536,-1.0,0.0,0.0,1.0,82.89512333517003,82.89512333517003,389.0
537,10.0,2.0,0.0,1.0,0.11103159698815078,0.021078586308593165,390.0
538,10.0,1.0,0.0,1.0,0.021080070246430247,0.021080070246430247,389.0
539,-1.0,0.0,0.0,1.0,86.35338601779497,82.89503027760294,389.0
540,10.0,2.0,0.0,1.0,0.021083549749643233,0.021083549749643233,390.0
541,10.0,1.0,0.0,1.0,0.001830103905588294,0.021083549749643233,389.0
542,-1.0,0.0,0.0,1.0,82.8953422689994,82.8953422689994,389.0
543,10.0,1.0,0.0,1.0,0.11102358457165017,0.021075095300520204,390.0
544,10.0,1.0,0.0,1.0,0.021076579171130597,0.021076579171130597,390.0
545,-1.0,0.0,0.0,1.0,86.35360939327441,82.89524920781876,390.0
546,10.0,1.0,0.0,1.0,0.02108005867902523,0.02108005867902523,390.0
547,10.0,2.0,0.0,1.0,0.00183113229595786,0.02108005867902523,390.0
548,-1.0,0.0,0.0,1.0,82.89556095188753,82.89556095188753,389.0
549,10.0,1.0,0.0,1.0,0.11101558163813323,0.021071608587046077,390.0
550,10.0,1.0,0.0,1.0,0.021073092390505213,0.021073092390505213,390.0
551,-1.0,0.0,0.0,1.0,86.35383251270271,82.89546788709707,390.0
552,10.0,1.0,0.0,1.0,0.021076571903075693,0.021076571903075693,390.0
553,10.0,2.0,0.0,1.0,0.0018321597945247083,0.021076571903075693,390.0
554,-1.0,0.0,0.0,1.0,82.89577938423383,82.89577938423383,389.0
555,10.0,1.0,0.0,1.0,0.11100758817195418,0.021068126160793666,400.0
556,-1.0,0.0,0.0,1.0,82.89568631583755,82.89568631583755,400.0
557,10.0,1.0,0.0,1.0,0.11101099394551833,0.02106960989716897,400.0
